J_integral_value=   0.0001321721
J_integral_value=   0.0005286884
J_integral_value=   0.0011895490
