J_integral_value=   0.0000077310
J_integral_value=   0.0002798061
J_integral_value=   0.0008162255
